JGL
1600
4.33
106
86
266
0.72
42
MID
1000
7.08
144
49
203
0.61
34
AD
1000
4.09
158
79
165
0.72
40
MID
900
4.88
160
81
235
0.58
43
MID
900
4.7
147
76
210
0.74
41
SPT
800
4.75
32
104
462
0.72
43
TOP
800
2.31
115
124
171
0.55
43
JGL
700
5.91
103
58
240
0.6
35
AD
700
5.54
219
83
241
0.67
43
MID
700
5.18
118
65
219
0.7
41
TOP
700
3.26
100
92
200
0.53
36
JGL
700
2.73
105
118
217
0.69
45
JGL
600
5.75
154
84
329
0.7
43
MID
600
4.64
114
70
211
0.63
42
TOP
600
3.64
121
99
239
0.52
43
MID
500
4.16
102
67
177
0.62
40
AD
500
3.92
184
92
177
0.7
43
SPT
500
3.07
32
111
309
0.7
41
TOP
500
1.46
64
122
114
0.5
37
TOP
400
3.6
97
78
184
0.59
41
SPT
400
3.1
28
103
291
0.66
41
MID
400
2.93
98
101
198
0.7
43
JGL
400
2.83
79
103
212
0.65
40
SPT
400
2.65
37
127
300
0.65
43
TOP
400
2.59
119
106
156
0.59
41
JGL
300
3.62
82
86
229
0.64
39
TOP
300
3.01
73
75
153
0.44
36
AD
300
2.48
105
115
180
0.61
44
JGL
300
1.98
66
125
181
0.59
38
AD
200
6.63
147
51
191
0.6
35
AD
200
5.81
151
59
192
0.71
41
AD
200
4.69
127
70
201
0.68
41
SPT
200
3.45
20
93
301
0.57
35
JGL
200
3
86
107
235
0.67
41
SPT
200
2.92
29
91
237
0.63
38
JGL
200
2.48
80
99
166
0.7
37
AD
200
2.22
78
79
97
0.5
32
MID
200
2.01
81
107
134
0.61
37
TOP
200
1.82
83
123
141
0.53
43
AD
100
5.44
177
64
171
0.68
42
SPT
100
4.58
33
80
333
0.71
42
MID
100
4.5
4
2
5
0.02
1
AD
100
3.56
121
75
146
0.64
39
JGL
100
3.47
80
94
246
0.63
40
MID
100
3.28
58
61
142
0.39
29
MID
100
3.19
92
84
176
0.57
40
SPT
100
3.03
15
64
179
0.41
24
TOP
100
2.87
13
15
30
0.09
6
TOP
100
2.74
67
77
144
0.44
35
TOP
100
2.49
79
93
153
0.52
40
SPT
100
2.42
23
126
282
0.68
40
SPT
0
11
1
1
10
0.02
1
JGL
0
9.67
9
3
20
0.06
2
JGL
0
4.5
1
2
8
0.02
1
MID
0
4.16
37
32
96
0.26
14
JGL
0
3.57
6
7
19
0.06
3
JGL
0
3.2
8
5
8
0.04
2
MID
0
3.13
19
15
28
0.08
8
TOP
0
2.75
4
4
7
0.02
2
MID
0
2.4
16
15
20
0.06
5
JGL
0
2.29
6
7
10
0.03
3
SPT
0
2.2
6
20
38
0.08
5
AD
0
2.1
7
10
14
0.05
4
SPT
0
2.07
2
15
29
0.07
5
JGL
0
2.05
8
19
31
0.07
5
AD
0
1.93
15
14
12
0.06
7
AD
0
1.92
19
24
27
0.13
9
JGL
0
1.67
10
15
15
0.07
4
SPT
0
1.65
14
137
212
0.64
39
SPT
0
1.61
9
57
83
0.2
14
SPT
0
1.5
0
6
9
0.02
1
TOP
0
1.46
11
28
30
0.08
6
JGL
0
1.43
3
14
17
0.06
4
SPT
0
1.33
1
9
11
0.03
2
MID
0
1.2
2
5
4
0.01
2
TOP
0
1.2
2
5
4
0.01
1
MID
0
1.11
4
19
17
0.04
5
JGL
0
1
4
7
3
0.01
2
JGL
0
0.86
3
7
3
0.01
2
TOP
0
0.79
3
14
8
0.03
4
TOP
0
0.6
1
5
2
0.01
2
SPT
0
0.4
1
10
3
0.01
2
AD
0
0.38
1
8
2
0.01
2
AD
0
0.25
1
4
0
0
1
TOP
0
0.09
1
11
0
0
2